Youku_00000_l:
[[ 0  4]
 [ 5 34]
 [35 72]
 [73 99]]
Youku_00001_l:
[[ 0  4]
 [ 5 67]
 [68 99]]
Youku_00002_l:
[[ 0 13]
 [14 99]]
Youku_00003_l:
[[ 0 40]
 [41 99]]
Youku_00004_l:
[[ 0 46]
 [47 73]
 [74 99]]
Youku_00005_l:
[[ 0 39]
 [40 95]
 [96 99]]
Youku_00006_l:
[[ 0 99]]
Youku_00007_l:
[[ 0 99]]
Youku_00008_l:
[[ 0 99]]
Youku_00009_l:
[[ 0  9]
 [10 27]
 [28 48]
 [49 99]]
Youku_00010_l:
[[ 0 36]
 [37 99]]
Youku_00011_l:
[[ 0 99]]
Youku_00012_l:
[[ 0 59]
 [60 99]]
Youku_00013_l:
[[ 0  1]
 [ 2 42]
 [43 99]]
Youku_00014_l:
[[ 0  7]
 [ 8 99]]
Youku_00015_l:
[[ 0 11]
 [12 55]
 [56 99]]
Youku_00016_l:
[[ 0  2]
 [ 3 33]
 [34 88]
 [89 99]]
Youku_00017_l:
[[ 0 90]
 [91 99]]
Youku_00018_l:
[[ 0 76]
 [77 99]]
Youku_00019_l:
[[ 0  5]
 [ 6 99]]
Youku_00020_l:
[[ 0 17]
 [18 99]]
Youku_00021_l:
[[ 0 71]
 [72 99]]
Youku_00022_l:
[[ 0 99]]
Youku_00023_l:
[[ 0 37]
 [38 99]]
Youku_00024_l:
[[ 0  7]
 [ 8 76]
 [77 99]]
Youku_00025_l:
[[ 0 41]
 [42 80]
 [81 99]]
Youku_00026_l:
[[ 0 72]
 [73 99]]
Youku_00027_l:
[[ 0 59]
 [60 95]
 [96 99]]
Youku_00028_l:
[[ 0 99]]
Youku_00029_l:
[[ 0 99]]
Youku_00030_l:
[[ 0 99]]
Youku_00031_l:
[[ 0 25]
 [26 96]
 [97 99]]
Youku_00032_l:
[[ 0 25]
 [26 75]
 [76 99]]
Youku_00033_l:
[[ 0  1]
 [ 2 43]
 [44 99]]
Youku_00034_l:
[[ 0 27]
 [28 98]
 [99 99]]
Youku_00035_l:
[[ 0 99]]
Youku_00036_l:
[[ 0 99]]
Youku_00037_l:
[[ 0 90]
 [91 99]]
Youku_00038_l:
[[ 0 89]
 [90 99]]
Youku_00039_l:
[[ 0 11]
 [12 99]]
Youku_00040_l:
[[ 0 99]]
Youku_00041_l:
[[ 0 28]
 [29 68]
 [69 99]]
Youku_00042_l:
[[ 0 36]
 [37 89]
 [90 99]]
Youku_00043_l:
[[ 0 11]
 [12 99]]
Youku_00044_l:
[[ 0 89]
 [90 99]]
Youku_00045_l:
[[ 0 60]
 [61 99]]
Youku_00046_l:
[[ 0 99]]
Youku_00047_l:
[[ 0 99]]
Youku_00048_l:
[[ 0 39]
 [40 99]]
Youku_00049_l:
[[ 0 14]
 [15 41]
 [42 99]]
Youku_00050_l:
[[ 0 40]
 [41 99]]
Youku_00051_l:
[[ 0 36]
 [37 58]
 [59 99]]
Youku_00052_l:
[[ 0 99]]
Youku_00053_l:
[[ 0 15]
 [16 50]
 [51 99]]
Youku_00054_l:
[[ 0 24]
 [25 99]]
Youku_00055_l:
[[ 0 60]
 [61 99]]
Youku_00056_l:
[[ 0 54]
 [55 99]]
Youku_00057_l:
[[ 0 65]
 [66 99]]
Youku_00058_l:
[[ 0  8]
 [ 9 72]
 [73 99]]
Youku_00059_l:
[[ 0 99]]
Youku_00060_l:
[[ 0  8]
 [ 9 75]
 [76 99]]
Youku_00061_l:
[[ 0 36]
 [37 99]]
Youku_00062_l:
[[ 0 61]
 [62 99]]
Youku_00063_l:
[[ 0 78]
 [79 99]]
Youku_00064_l:
[[ 0 10]
 [11 66]
 [67 99]]
Youku_00065_l:
[[ 0 46]
 [47 99]]
Youku_00066_l:
[[ 0 12]
 [13 28]
 [29 71]
 [72 99]]
Youku_00067_l:
[[ 0  1]
 [ 2 33]
 [34 56]
 [57 99]]
Youku_00068_l:
[[ 0 99]]
Youku_00069_l:
[[ 0 71]
 [72 99]]
Youku_00070_l:
[[ 0 13]
 [14 99]]
Youku_00071_l:
[[ 0 54]
 [55 89]
 [90 99]]
Youku_00072_l:
[[ 1 76]
 [77 99]]
Youku_00073_l:
[[ 0 21]
 [22 79]
 [80 99]]
Youku_00074_l:
[[ 0  6]
 [ 7 59]
 [60 99]]
Youku_00075_l:
[[ 0 99]]
Youku_00076_l:
[[ 0 31]
 [32 99]]
Youku_00077_l:
[[ 0 13]
 [14 99]]
Youku_00078_l:
[[ 0 44]
 [45 73]
 [74 99]]
Youku_00079_l:
[[ 0  1]
 [ 2 91]
 [92 99]]
Youku_00080_l:
[[ 0 99]]
Youku_00081_l:
[[ 0 67]
 [68 99]]
Youku_00082_l:
[[ 0 40]
 [41 95]
 [96 99]]
Youku_00083_l:
[[ 0 19]
 [20 49]
 [50 94]
 [95 99]]
Youku_00084_l:
[[ 0 94]
 [95 99]]
Youku_00085_l:
[[ 0 99]]
Youku_00086_l:
[[ 0 28]
 [29 58]
 [60 67]
 [68 99]]
Youku_00087_l:
[[ 0 31]
 [32 99]]
Youku_00088_l:
[[ 0 67]
 [68 99]]
Youku_00089_l:
[[ 0 13]
 [14 99]]
Youku_00090_l:
[[ 0 32]
 [33 99]]
Youku_00091_l:
[[ 0 99]]
Youku_00092_l:
[[ 0 99]]
Youku_00093_l:
[[ 0 96]
 [97 99]]
Youku_00094_l:
[[ 0 72]
 [73 99]]
Youku_00095_l:
[[ 0 99]]
Youku_00096_l:
[[ 0 77]
 [78 99]]
Youku_00097_l:
[[ 0 99]]
Youku_00098_l:
[[ 0 20]
 [21 26]
 [27 99]]
Youku_00099_l:
[[ 0 26]
 [27 63]
 [64 99]]
Youku_00100_l:
[[ 0 25]
 [26 50]
 [51 97]
 [98 99]]
Youku_00101_l:
[[ 0 99]]
Youku_00102_l:
[[ 0 99]]
Youku_00103_l:
[[ 0 83]
 [84 99]]
Youku_00104_l:
[[ 0 99]]
Youku_00105_l:
[[ 0  6]
 [ 7 38]
 [39 86]
 [87 93]
 [96 99]]
Youku_00106_l:
[[ 0 32]
 [33 99]]
Youku_00107_l:
[[ 0 18]
 [19 86]
 [87 99]]
Youku_00108_l:
[[ 0 46]
 [47 84]
 [85 99]]
Youku_00109_l:
[[ 0 79]
 [80 99]]
Youku_00110_l:
[[ 0 99]]
Youku_00111_l:
[[ 0  6]
 [ 7 99]]
Youku_00112_l:
[[ 0 31]
 [32 78]
 [79 99]]
Youku_00113_l:
[[ 0 68]
 [69 99]]
Youku_00114_l:
[[ 0 60]
 [61 87]
 [88 99]]
Youku_00115_l:
[[ 0 70]
 [71 99]]
Youku_00116_l:
[[ 0 99]]
Youku_00117_l:
[[ 0 99]]
Youku_00118_l:
[[ 0 77]
 [78 99]]
Youku_00119_l:
[[ 0 79]
 [80 99]]
Youku_00120_l:
[[ 0 23]
 [24 99]]
Youku_00121_l:
[[ 0 99]]
Youku_00122_l:
[[ 0 29]
 [30 76]
 [77 99]]
Youku_00123_l:
[[ 0 55]
 [56 99]]
Youku_00124_l:
[[ 0 99]]
Youku_00125_l:
[[ 0 37]
 [38 99]]
Youku_00126_l:
[[ 0 72]
 [73 99]]
Youku_00127_l:
[[ 0 17]
 [18 52]
 [53 99]]
Youku_00128_l:
[[ 0 47]
 [48 99]]
Youku_00129_l:
[[ 0 70]
 [71 99]]
Youku_00130_l:
[[ 0 26]
 [27 99]]
Youku_00131_l:
[[ 0 99]]
Youku_00132_l:
[[ 0  8]
 [ 9 99]]
Youku_00133_l:
[[ 0 24]
 [25 99]]
Youku_00134_l:
[[ 0 57]
 [58 99]]
Youku_00135_l:
[[ 0  9]
 [10 69]
 [70 99]]
Youku_00136_l:
[[ 0 59]
 [60 99]]
Youku_00137_l:
[[ 0  9]
 [10 99]]
Youku_00138_l:
[[ 0 32]
 [33 99]]
Youku_00139_l:
[[ 0  9]
 [10 99]]
Youku_00140_l:
[[ 0 21]
 [22 99]]
Youku_00141_l:
[[ 0 24]
 [25 99]]
Youku_00142_l:
[[ 0 72]
 [73 99]]
Youku_00143_l:
[[ 0 96]
 [97 99]]
Youku_00144_l:
[[ 0 78]
 [79 99]]
Youku_00145_l:
[[ 0 21]
 [22 66]
 [67 92]
 [93 99]]
Youku_00146_l:
[[ 0 90]
 [92 99]]
Youku_00147_l:
[[ 0 33]
 [34 86]
 [87 99]]
Youku_00148_l:
[[ 0 99]]
Youku_00149_l:
[[ 0 96]
 [97 99]]
Youku_00150_l:
[[ 0 97]
 [98 99]]
Youku_00151_l:
[[ 0 65]
 [66 95]
 [96 99]]
Youku_00152_l:
[[ 0  2]
 [ 3 65]
 [66 99]]
Youku_00153_l:
[[ 0 99]]
Youku_00154_l:
[[ 0 99]]
Youku_00155_l:
[[ 0 99]]
Youku_00156_l:
[[ 0 30]
 [31 99]]
Youku_00157_l:
[[ 0 41]
 [42 99]]
Youku_00158_l:
[[ 0 99]]
Youku_00159_l:
[[ 0 99]]
Youku_00160_l:
[[ 0 24]
 [25 99]]
Youku_00161_l:
[[ 0 82]
 [83 99]]
Youku_00162_l:
[[ 0 45]
 [46 99]]
Youku_00163_l:
[[ 0  6]
 [ 7 61]
 [62 99]]
Youku_00164_l:
[[ 0 54]
 [55 99]]
Youku_00165_l:
[[ 0 13]
 [14 91]
 [92 99]]
Youku_00166_l:
[[ 0 17]
 [18 99]]
Youku_00167_l:
[[ 0  5]
 [ 6 39]
 [40 76]
 [77 99]]
Youku_00168_l:
[[ 0 99]]
Youku_00169_l:
[[ 0 99]]
Youku_00170_l:
[[ 0 20]
 [21 69]
 [70 86]
 [87 99]]
Youku_00171_l:
[[ 0 99]]
Youku_00172_l:
[[ 0  7]
 [ 8 99]]
Youku_00173_l:
[[ 0 77]
 [78 99]]
Youku_00174_l:
[[ 0 24]
 [25 52]
 [53 69]
 [70 94]
 [95 99]]
Youku_00175_l:
[[ 0 99]]
Youku_00176_l:
[[ 0 65]
 [66 99]]
Youku_00177_l:
[[ 0 39]
 [40 99]]
Youku_00178_l:
[[ 0 99]]
Youku_00179_l:
[[ 0 66]
 [67 99]]
Youku_00180_l:
[[ 0 40]
 [41 99]]
Youku_00181_l:
[[ 0 24]
 [25 85]
 [86 99]]
Youku_00182_l:
[[ 0 99]]
Youku_00183_l:
[[ 0 68]
 [69 99]]
Youku_00184_l:
[[ 0 68]
 [69 99]]
Youku_00185_l:
[[ 0 55]
 [56 99]]
Youku_00186_l:
[[ 0 39]
 [40 62]
 [63 98]
 [99 99]]
Youku_00187_l:
[[ 0 98]
 [99 99]]
Youku_00188_l:
[[ 0 52]
 [53 94]
 [95 99]]
Youku_00189_l:
[[ 0 11]
 [12 99]]
Youku_00190_l:
[[ 0 50]
 [51 84]
 [85 99]]
Youku_00191_l:
[[ 0 37]
 [38 77]
 [78 99]]
Youku_00192_l:
[[ 0 99]]
Youku_00193_l:
[[ 0 40]
 [41 64]
 [65 99]]
Youku_00194_l:
[[ 0 26]
 [27 99]]
Youku_00195_l:
[[ 0 34]
 [35 99]]
Youku_00196_l:
[[ 0 80]
 [81 99]]
Youku_00197_l:
[[ 0 99]]
Youku_00198_l:
[[ 0 26]
 [27 83]
 [84 99]]
Youku_00199_l:
[[ 0 99]]
Youku_00200_l:
[[ 0 36]
 [37 99]]
Youku_00201_l:
[[ 0 99]]
Youku_00202_l:
[[ 0 23]
 [24 99]]
Youku_00203_l:
[[ 0  9]
 [10 52]
 [53 73]
 [74 89]
 [90 99]]
Youku_00204_l:
[[ 0 27]
 [28 91]
 [92 95]
 [96 99]]
Youku_00205_l:
[[ 0 99]]
Youku_00206_l:
[[ 0 80]
 [81 99]]
Youku_00207_l:
[[ 0  7]
 [ 8 19]
 [20 94]
 [95 99]]
Youku_00208_l:
[[ 0 99]]
Youku_00209_l:
[[ 0  2]
 [ 3 17]
 [18 99]]
Youku_00210_l:
[[ 0 33]
 [34 99]]
Youku_00211_l:
[[ 1 18]
 [19 83]
 [84 99]]
Youku_00212_l:
[[ 0 57]
 [58 99]]
Youku_00213_l:
[[ 0  9]
 [10 75]
 [76 99]]
Youku_00214_l:
[[ 0 99]]
Youku_00215_l:
[[ 0 36]
 [37 66]
 [67 99]]
Youku_00216_l:
[[ 0 49]
 [50 99]]
Youku_00217_l:
[[ 0 20]
 [21 63]
 [64 87]
 [88 99]]
Youku_00218_l:
[[ 0 78]
 [79 99]]
Youku_00219_l:
[[ 0 99]]
Youku_00220_l:
[[ 0 37]
 [38 99]]
Youku_00221_l:
[[ 0 95]
 [96 99]]
Youku_00222_l:
[[ 0  1]
 [ 2 41]
 [42 99]]
Youku_00223_l:
[[ 0 27]
 [28 58]
 [59 79]
 [80 99]]
Youku_00224_l:
[[ 0 29]
 [30 52]
 [53 99]]
Youku_00225_l:
[[ 0  3]
 [ 4 51]
 [52 99]]
Youku_00226_l:
[[ 0 29]
 [30 99]]
Youku_00227_l:
[[ 0 77]
 [78 99]]
Youku_00228_l:
[[ 0 47]
 [48 81]
 [82 99]]
Youku_00229_l:
[[ 0 99]]
Youku_00230_l:
[[ 0 53]
 [54 99]]
Youku_00231_l:
[[ 0 21]
 [22 99]]
Youku_00232_l:
[[ 0 99]]
Youku_00233_l:
[[ 0 11]
 [12 99]]
Youku_00234_l:
[[ 0 54]
 [55 99]]
Youku_00235_l:
[[ 0 99]]
Youku_00236_l:
[[ 0 19]
 [20 99]]
Youku_00237_l:
[[ 0 99]]
Youku_00238_l:
[[ 0 99]]
Youku_00239_l:
[[ 0 99]]
Youku_00240_l:
[[ 1 60]
 [61 99]]
Youku_00241_l:
[[ 0 39]
 [40 99]]
Youku_00242_l:
[[ 0 98]
 [99 99]]
Youku_00243_l:
[[ 0 99]]
Youku_00244_l:
[[ 0 99]]
Youku_00245_l:
[[ 1 22]
 [23 51]
 [52 82]
 [83 99]]
Youku_00246_l:
[[ 0 99]]
Youku_00247_l:
[[ 0 99]]
Youku_00248_l:
[[ 0 43]
 [44 90]
 [91 99]]
Youku_00249_l:
[[ 0 22]
 [23 99]]
Youku_00250_l:
[[ 0 30]
 [31 99]]
Youku_00251_l:
[[ 0 99]]
Youku_00252_l:
[[ 0 99]]
Youku_00253_l:
[[ 0 89]
 [90 99]]
Youku_00254_l:
[[ 0 99]]
Youku_00255_l:
[[ 0 94]
 [95 99]]
Youku_00256_l:
[[ 0  4]
 [ 5 60]
 [61 99]]
Youku_00257_l:
[[ 0 12]
 [13 99]]
Youku_00258_l:
[[ 0 51]
 [52 99]]
Youku_00259_l:
[[ 0 99]]
Youku_00260_l:
[[ 0 99]]
Youku_00261_l:
[[ 0 99]]
Youku_00262_l:
[[ 0 99]]
Youku_00263_l:
[[ 0 69]
 [70 99]]
Youku_00264_l:
[[ 0 99]]
Youku_00265_l:
[[ 0 40]
 [41 99]]
Youku_00266_l:
[[ 0 20]
 [21 47]
 [48 81]
 [82 99]]
Youku_00267_l:
[[ 0 19]
 [20 91]
 [92 99]]
Youku_00268_l:
[[ 0 99]]
Youku_00269_l:
[[ 0 99]]
Youku_00270_l:
[[ 0  8]
 [ 9 50]
 [51 85]
 [86 99]]
Youku_00271_l:
[[ 0 13]
 [14 79]
 [80 99]]
Youku_00272_l:
[[ 0 43]
 [44 75]
 [76 99]]
Youku_00273_l:
[[ 0 99]]
Youku_00274_l:
[[ 0 26]
 [27 97]
 [98 99]]
Youku_00275_l:
[[ 0 21]
 [22 51]
 [52 99]]
Youku_00276_l:
[[ 0  7]
 [ 8 57]
 [58 99]]
Youku_00277_l:
[[ 0 43]
 [44 99]]
Youku_00278_l:
[[ 0 44]
 [45 99]]
Youku_00279_l:
[[ 0 76]
 [77 99]]
Youku_00280_l:
[[ 0 54]
 [55 99]]
Youku_00281_l:
[[ 0 99]]
Youku_00282_l:
[[ 0 38]
 [39 99]]
Youku_00283_l:
[[ 0 12]
 [13 99]]
Youku_00284_l:
[[ 0 39]
 [40 86]
 [87 99]]
Youku_00285_l:
[[ 0  2]
 [ 3 36]
 [37 77]
 [78 99]]
Youku_00286_l:
[[ 0  1]
 [ 2 99]]
Youku_00287_l:
[[ 0 97]
 [98 99]]
Youku_00288_l:
[[ 0  5]
 [ 6 95]
 [96 99]]
Youku_00289_l:
[[ 0 95]
 [96 99]]
Youku_00290_l:
[[ 0 62]
 [63 99]]
Youku_00291_l:
[[ 0 51]
 [52 99]]
Youku_00292_l:
[[ 0 99]]
Youku_00293_l:
[[ 0 11]
 [12 99]]
Youku_00294_l:
[[ 0 28]
 [29 99]]
Youku_00295_l:
[[ 0 99]]
Youku_00296_l:
[[ 0 10]
 [11 99]]
Youku_00297_l:
[[ 0 27]
 [28 99]]
Youku_00298_l:
[[ 0 13]
 [14 90]
 [91 99]]
Youku_00299_l:
[[ 0 71]
 [72 99]]
Youku_00300_l:
[[ 0  8]
 [ 9 99]]
Youku_00301_l:
[[ 0 99]]
Youku_00302_l:
[[ 0 26]
 [27 99]]
Youku_00303_l:
[[ 0 44]
 [45 99]]
Youku_00304_l:
[[ 0 99]]
Youku_00305_l:
[[ 0 48]
 [49 96]
 [97 99]]
Youku_00306_l:
[[ 0 99]]
Youku_00307_l:
[[ 0 51]
 [52 99]]
Youku_00308_l:
[[ 0 99]]
Youku_00309_l:
[[ 0 99]]
Youku_00310_l:
[[ 0 52]
 [53 99]]
Youku_00311_l:
[[ 0 10]
 [11 39]
 [40 99]]
Youku_00312_l:
[[ 0 99]]
Youku_00313_l:
[[ 0 41]
 [42 91]
 [92 99]]
Youku_00314_l:
[[ 0 99]]
Youku_00315_l:
[[ 0 29]
 [30 99]]
Youku_00316_l:
[[ 0 99]]
Youku_00317_l:
[[ 0 99]]
Youku_00318_l:
[[ 0 99]]
Youku_00319_l:
[[ 0  3]
 [ 4 99]]
Youku_00320_l:
[[ 0 68]
 [69 99]]
Youku_00321_l:
[[ 0 99]]
Youku_00322_l:
[[ 0 99]]
Youku_00323_l:
[[ 0 19]
 [20 35]
 [36 58]
 [59 99]]
Youku_00324_l:
[[ 0  5]
 [ 6 41]
 [42 99]]
Youku_00325_l:
[[ 0 27]
 [28 78]
 [79 99]]
Youku_00326_l:
[[ 0 78]
 [79 99]]
Youku_00327_l:
[[ 0 75]
 [76 99]]
Youku_00328_l:
[[ 0 99]]
Youku_00329_l:
[[ 0 41]
 [42 92]
 [93 99]]
Youku_00330_l:
[[ 0 62]
 [63 99]]
Youku_00331_l:
[[ 0 60]
 [61 99]]
Youku_00332_l:
[[ 0 93]
 [94 99]]
Youku_00333_l:
[[ 0 99]]
Youku_00334_l:
[[ 0 25]
 [26 61]
 [62 91]
 [92 99]]
Youku_00335_l:
[[ 0 47]
 [48 88]
 [89 99]]
Youku_00336_l:
[[ 0 99]]
Youku_00337_l:
[[ 0 46]
 [47 99]]
Youku_00338_l:
[[ 0 52]
 [53 87]
 [88 99]]
Youku_00339_l:
[[ 0 99]]
Youku_00340_l:
[[ 0 20]
 [21 85]
 [86 99]]
Youku_00341_l:
[[ 0 99]]
Youku_00342_l:
[[ 0 99]]
Youku_00343_l:
[[ 0 73]
 [74 99]]
Youku_00344_l:
[[ 0 30]
 [31 99]]
Youku_00345_l:
[[ 0 14]
 [15 99]]
Youku_00346_l:
[[ 0 28]
 [29 78]
 [79 99]]
Youku_00347_l:
[[ 0 95]
 [96 99]]
Youku_00348_l:
[[ 0 99]]
Youku_00349_l:
[[ 0 99]]
Youku_00350_l:
[[ 0 13]
 [14 58]
 [59 99]]
Youku_00351_l:
[[ 0  4]
 [ 5 99]]
Youku_00352_l:
[[ 0 49]
 [50 91]
 [92 99]]
Youku_00353_l:
[[ 0 99]]
Youku_00354_l:
[[ 0 86]
 [87 99]]
Youku_00355_l:
[[ 0 87]
 [88 99]]
Youku_00356_l:
[[ 0 99]]
Youku_00357_l:
[[ 0  9]
 [10 99]]
Youku_00358_l:
[[ 0 11]
 [12 49]
 [50 61]
 [62 99]]
Youku_00359_l:
[[ 0  8]
 [ 9 63]
 [64 99]]
Youku_00360_l:
[[ 0 99]]
Youku_00361_l:
[[ 0 21]
 [22 99]]
Youku_00362_l:
[[ 0 19]
 [20 99]]
Youku_00363_l:
[[ 0 99]]
Youku_00364_l:
[[ 0 33]
 [34 99]]
Youku_00365_l:
[[ 0 55]
 [56 80]
 [81 99]]
Youku_00366_l:
[[ 0 83]
 [84 99]]
Youku_00367_l:
[[ 0 46]
 [47 99]]
Youku_00368_l:
[[ 0 42]
 [43 99]]
Youku_00369_l:
[[ 0 61]
 [62 99]]
Youku_00370_l:
[[ 0 39]
 [40 99]]
Youku_00371_l:
[[ 0 90]
 [91 99]]
Youku_00372_l:
[[ 0 72]
 [73 99]]
Youku_00373_l:
[[ 0 99]]
Youku_00374_l:
[[ 0 78]
 [79 99]]
Youku_00375_l:
[[ 0 99]]
Youku_00376_l:
[[ 0 39]
 [40 99]]
Youku_00377_l:
[[ 0 99]]
Youku_00378_l:
[[ 0  9]
 [10 58]
 [59 99]]
Youku_00379_l:
[[ 0 99]]
Youku_00380_l:
[[ 0 23]
 [24 99]]
Youku_00381_l:
[[ 0 66]
 [67 99]]
Youku_00382_l:
[[ 0  2]
 [ 3 99]]
Youku_00383_l:
[[ 0 68]
 [69 99]]
Youku_00384_l:
[[ 0 99]]
Youku_00385_l:
[[ 0 94]
 [95 99]]
Youku_00386_l:
[[ 0 25]
 [26 70]
 [71 99]]
Youku_00387_l:
[[ 0 15]
 [16 89]
 [90 99]]
Youku_00388_l:
[[ 0 95]
 [96 99]]
Youku_00389_l:
[[ 0 99]]
Youku_00390_l:
[[ 0 99]]
Youku_00391_l:
[[ 0 22]
 [23 54]
 [55 99]]
Youku_00392_l:
[[ 0 18]
 [19 60]
 [61 99]]
Youku_00393_l:
[[ 0 99]]
Youku_00394_l:
[[ 0 85]
 [86 99]]
Youku_00395_l:
[[ 0 35]
 [36 99]]
Youku_00396_l:
[[ 0 15]
 [16 62]
 [63 95]
 [96 99]]
Youku_00397_l:
[[ 0 83]
 [84 99]]
Youku_00398_l:
[[ 0 45]
 [46 95]
 [96 99]]
Youku_00399_l:
[[ 0 28]
 [29 83]
 [84 99]]
Youku_00400_l:
[[ 0 69]
 [70 99]]
Youku_00401_l:
[[ 0  1]
 [ 2 57]
 [58 99]]
Youku_00402_l:
[[ 0 36]
 [37 62]
 [63 99]]
Youku_00403_l:
[[ 0 99]]
Youku_00404_l:
[[ 0 31]
 [32 69]
 [70 99]]
Youku_00405_l:
[[ 0  3]
 [ 4 57]
 [58 99]]
Youku_00406_l:
[[ 0 99]]
Youku_00407_l:
[[ 0 98]
 [99 99]]
Youku_00408_l:
[[ 0 25]
 [26 92]
 [93 99]]
Youku_00409_l:
[[ 0 26]
 [27 99]]
Youku_00410_l:
[[ 0 16]
 [17 64]
 [65 99]]
Youku_00411_l:
[[ 0 24]
 [25 99]]
Youku_00412_l:
[[ 0  2]
 [ 3 30]
 [31 46]
 [47 99]]
Youku_00413_l:
[[ 0 99]]
Youku_00414_l:
[[ 0 99]]
Youku_00415_l:
[[ 0 34]
 [35 99]]
Youku_00416_l:
[[ 0 99]]
Youku_00417_l:
[[ 0 99]]
Youku_00418_l:
[[ 0 33]
 [34 99]]
Youku_00419_l:
[[ 0 49]
 [50 99]]
Youku_00420_l:
[[ 0  3]
 [ 4 99]]
Youku_00421_l:
[[ 0 61]
 [62 94]
 [95 99]]
Youku_00422_l:
[[ 0 99]]
Youku_00423_l:
[[ 0 99]]
Youku_00424_l:
[[ 0 65]
 [66 99]]
Youku_00425_l:
[[ 0 74]
 [75 99]]
Youku_00426_l:
[[ 0 99]]
Youku_00427_l:
[[ 0 90]
 [91 99]]
Youku_00428_l:
[[ 0 99]]
Youku_00429_l:
[[ 0 64]
 [65 99]]
Youku_00430_l:
[[ 0 42]
 [43 99]]
Youku_00431_l:
[[ 0  5]
 [ 6 99]]
Youku_00432_l:
[[ 0 11]
 [12 99]]
Youku_00433_l:
[[ 0 16]
 [17 72]
 [73 99]]
Youku_00434_l:
[[ 0  4]
 [ 5 99]]
Youku_00435_l:
[[ 0 24]
 [25 99]]
Youku_00436_l:
[[ 0 99]]
Youku_00437_l:
[[ 0 35]
 [36 83]
 [84 99]]
Youku_00438_l:
[[ 0  2]
 [ 3 99]]
Youku_00439_l:
[[ 0 18]
 [19 69]
 [70 99]]
Youku_00440_l:
[[ 0 99]]
Youku_00441_l:
[[ 0 54]
 [55 99]]
Youku_00442_l:
[[ 0 35]
 [36 81]
 [82 99]]
Youku_00443_l:
[[ 0 99]]
Youku_00444_l:
[[ 0 21]
 [22 71]
 [72 99]]
Youku_00445_l:
[[ 0 11]
 [12 99]]
Youku_00446_l:
[[ 0  6]
 [ 7 99]]
Youku_00447_l:
[[ 0 13]
 [14 41]
 [42 71]
 [72 99]]
Youku_00448_l:
[[ 0 10]
 [11 99]]
Youku_00449_l:
[[ 0 76]
 [77 99]]
Youku_00450_l:
[[ 0 58]
 [59 99]]
Youku_00451_l:
[[ 0 80]
 [81 99]]
Youku_00452_l:
[[ 0 15]
 [16 45]
 [46 79]
 [80 93]
 [94 99]]
Youku_00453_l:
[[ 0 99]]
Youku_00454_l:
[[ 0 61]
 [62 99]]
Youku_00455_l:
[[ 0 24]
 [25 99]]
Youku_00456_l:
[[ 0 99]]
Youku_00457_l:
[[ 0 99]]
Youku_00458_l:
[[ 0 27]
 [28 99]]
Youku_00459_l:
[[ 0 19]
 [20 99]]
Youku_00460_l:
[[ 0 90]
 [91 99]]
Youku_00461_l:
[[ 0 55]
 [56 99]]
Youku_00462_l:
[[ 0 99]]
Youku_00463_l:
[[ 0 24]
 [25 99]]
Youku_00464_l:
[[ 0 42]
 [43 99]]
Youku_00465_l:
[[ 0 29]
 [30 64]
 [65 99]]
Youku_00466_l:
[[ 0 88]
 [89 99]]
Youku_00467_l:
[[ 0 47]
 [48 99]]
Youku_00468_l:
[[ 0 70]
 [71 99]]
Youku_00469_l:
[[ 0 76]
 [77 99]]
Youku_00470_l:
[[ 0  6]
 [ 7 56]
 [57 99]]
Youku_00471_l:
[[ 0 72]
 [73 99]]
Youku_00472_l:
[[ 0 37]
 [38 99]]
Youku_00473_l:
[[ 0 51]
 [52 99]]
Youku_00474_l:
[[ 0  8]
 [ 9 35]
 [36 73]
 [74 99]]
Youku_00475_l:
[[ 0 58]
 [60 99]]
Youku_00476_l:
[[ 0 99]]
Youku_00477_l:
[[ 0  4]
 [ 5 99]]
Youku_00478_l:
[[ 0 72]
 [73 87]
 [88 99]]
Youku_00479_l:
[[ 0 99]]
Youku_00480_l:
[[ 0 82]
 [83 99]]
Youku_00481_l:
[[ 0 99]]
Youku_00482_l:
[[ 0  9]
 [10 99]]
Youku_00483_l:
[[ 0 99]]
Youku_00484_l:
[[ 0 53]
 [54 99]]
Youku_00485_l:
[[ 0  3]
 [ 4 72]
 [73 99]]
Youku_00486_l:
[[ 0  3]
 [ 4 59]
 [60 99]]
Youku_00487_l:
[[ 0 58]
 [59 93]
 [94 99]]
Youku_00488_l:
[[ 0 65]
 [66 99]]
Youku_00489_l:
[[ 0  8]
 [ 9 56]
 [57 99]]
Youku_00490_l:
[[ 0  6]
 [ 7 30]
 [31 99]]
Youku_00491_l:
[[ 0  6]
 [ 7 45]
 [46 85]
 [86 99]]
Youku_00492_l:
[[ 0  4]
 [ 5 99]]
Youku_00493_l:
[[ 0 89]
 [90 99]]
Youku_00494_l:
[[ 0 99]]
Youku_00495_l:
[[ 0  1]
 [ 2 55]
 [56 99]]
Youku_00496_l:
[[ 0 73]
 [74 99]]
Youku_00497_l:
[[ 0 77]
 [78 99]]
Youku_00498_l:
[[ 0 99]]
Youku_00499_l:
[[ 0 93]
 [94 99]]
Youku_00500_l:
[[ 0 17]
 [18 99]]
Youku_00501_l:
[[ 0 83]
 [84 99]]
Youku_00502_l:
[[ 0  2]
 [ 3 20]
 [21 52]
 [53 78]
 [79 99]]
Youku_00503_l:
[[ 0 12]
 [13 99]]
Youku_00504_l:
[[ 0 41]
 [42 99]]
Youku_00505_l:
[[ 0 99]]
Youku_00506_l:
[[ 0 19]
 [20 99]]
Youku_00507_l:
[[ 0 99]]
Youku_00508_l:
[[ 0 42]
 [43 97]
 [98 99]]
Youku_00509_l:
[[ 0 99]]
Youku_00510_l:
[[ 0 20]
 [21 70]
 [71 99]]
Youku_00511_l:
[[ 0 19]
 [20 71]
 [72 99]]
Youku_00512_l:
[[ 0 31]
 [32 96]
 [97 99]]
Youku_00513_l:
[[ 0  7]
 [ 8 41]
 [42 75]
 [76 98]
 [99 99]]
Youku_00514_l:
[[ 0 29]
 [30 99]]
Youku_00515_l:
[[ 0  6]
 [ 7 66]
 [67 99]]
Youku_00516_l:
[[ 0 99]]
Youku_00517_l:
[[ 0 99]]
Youku_00518_l:
[[ 1 24]
 [25 48]
 [49 74]
 [75 86]
 [87 99]]
Youku_00519_l:
[[ 0 99]]
Youku_00520_l:
[[ 0 93]
 [94 99]]
Youku_00521_l:
[[ 0  3]
 [ 4 87]
 [88 99]]
Youku_00522_l:
[[ 0  4]
 [ 5 99]]
Youku_00523_l:
[[ 0 30]
 [31 71]
 [72 99]]
Youku_00524_l:
[[ 0  8]
 [ 9 37]
 [38 99]]
Youku_00525_l:
[[ 0  7]
 [ 8 41]
 [42 99]]
Youku_00526_l:
[[ 0 66]
 [67 99]]
Youku_00527_l:
[[ 0 37]
 [38 93]
 [94 99]]
Youku_00528_l:
[[ 0 99]]
Youku_00529_l:
[[ 0 99]]
Youku_00530_l:
[[ 0  3]
 [ 4 47]
 [48 99]]
Youku_00531_l:
[[ 0 99]]
Youku_00532_l:
[[ 0 99]]
Youku_00533_l:
[[ 0 33]
 [34 97]
 [98 99]]
Youku_00534_l:
[[ 0 43]
 [44 99]]
Youku_00535_l:
[[ 0 18]
 [19 33]
 [34 56]
 [57 75]
 [76 99]]
Youku_00536_l:
[[ 0 99]]
Youku_00537_l:
[[ 0  2]
 [ 3 40]
 [41 76]
 [77 99]]
Youku_00538_l:
[[ 0  6]
 [ 7 29]
 [30 75]
 [76 99]]
Youku_00539_l:
[[ 0 99]]
Youku_00540_l:
[[ 0 35]
 [36 55]
 [56 83]
 [84 99]]
Youku_00541_l:
[[ 0 47]
 [48 99]]
Youku_00542_l:
[[ 0 62]
 [63 99]]
Youku_00543_l:
[[ 0 99]]
Youku_00544_l:
[[ 0  4]
 [ 5 45]
 [46 99]]
Youku_00545_l:
[[ 0 28]
 [29 99]]
Youku_00546_l:
[[ 0 58]
 [59 99]]
Youku_00547_l:
[[ 0 38]
 [39 86]
 [87 99]]
Youku_00548_l:
[[ 0 43]
 [44 99]]
Youku_00549_l:
[[ 0 47]
 [48 99]]
Youku_00550_l:
[[ 0 52]
 [53 99]]
Youku_00551_l:
[[ 0 22]
 [23 81]
 [82 99]]
Youku_00552_l:
[[ 0 99]]
Youku_00553_l:
[[ 0 99]]
Youku_00554_l:
[[ 0  2]
 [ 3 71]
 [72 99]]
Youku_00555_l:
[[ 0 52]
 [53 99]]
Youku_00556_l:
[[ 0 47]
 [48 99]]
Youku_00557_l:
[[ 0 99]]
Youku_00558_l:
[[ 0 12]
 [13 79]
 [80 99]]
Youku_00559_l:
[[ 0 99]]
Youku_00560_l:
[[ 0  5]
 [ 6 17]
 [18 36]
 [37 46]
 [47 66]
 [67 84]
 [85 96]
 [97 99]]
Youku_00561_l:
[[ 0 92]
 [93 99]]
Youku_00562_l:
[[ 0  6]
 [ 7 15]
 [16 27]
 [28 43]
 [44 70]
 [71 94]
 [95 99]]
Youku_00563_l:
[[ 0 99]]
Youku_00564_l:
[[ 0 80]
 [81 99]]
Youku_00565_l:
[[ 0 99]]
Youku_00566_l:
[[ 0 40]
 [41 59]
 [60 92]
 [93 99]]
Youku_00567_l:
[[ 0 27]
 [28 70]
 [71 98]
 [99 99]]
Youku_00568_l:
[[ 0 99]]
Youku_00569_l:
[[ 0 81]
 [82 98]
 [99 99]]
Youku_00570_l:
[[ 0 99]]
Youku_00571_l:
[[ 0 32]
 [33 99]]
Youku_00572_l:
[[ 0 62]
 [63 99]]
Youku_00573_l:
[[ 0 24]
 [25 99]]
Youku_00574_l:
[[ 0 28]
 [29 99]]
Youku_00575_l:
[[ 0 15]
 [16 99]]
Youku_00576_l:
[[ 0 64]
 [65 99]]
Youku_00577_l:
[[ 0 21]
 [22 57]
 [58 92]
 [93 99]]
Youku_00578_l:
[[ 0 59]
 [60 99]]
Youku_00579_l:
[[ 0 99]]
Youku_00580_l:
[[ 0 99]]
Youku_00581_l:
[[ 0 62]
 [63 99]]
Youku_00582_l:
[[ 0 99]]
Youku_00583_l:
[[ 0 65]
 [66 99]]
Youku_00584_l:
[[ 0 20]
 [21 87]
 [88 99]]
Youku_00585_l:
[[ 0 44]
 [45 84]
 [85 99]]
Youku_00586_l:
[[ 0 99]]
Youku_00587_l:
[[ 0 99]]
Youku_00588_l:
[[ 0  1]
 [ 2 79]
 [80 99]]
Youku_00589_l:
[[ 0 30]
 [31 99]]
Youku_00590_l:
[[ 0 95]
 [96 99]]
Youku_00591_l:
[[ 0 15]
 [16 40]
 [41 99]]
Youku_00592_l:
[[ 0 11]
 [12 99]]
Youku_00593_l:
[[ 0 99]]
Youku_00594_l:
[[ 0 78]
 [79 99]]
Youku_00595_l:
[[ 0 37]
 [38 73]
 [74 99]]
Youku_00596_l:
[[ 0 23]
 [24 99]]
Youku_00597_l:
[[ 0 33]
 [34 77]
 [78 99]]
Youku_00598_l:
[[ 0 91]
 [92 99]]
Youku_00599_l:
[[ 0  3]
 [ 4 99]]
Youku_00600_l:
[[ 0 23]
 [24 79]
 [80 99]]
Youku_00601_l:
[[ 0 89]
 [90 99]]
Youku_00602_l:
[[ 0 94]
 [95 99]]
Youku_00603_l:
[[ 0 54]
 [55 99]]
Youku_00604_l:
[[ 1 45]
 [46 71]
 [72 99]]
Youku_00605_l:
[[ 0 80]
 [81 99]]
Youku_00606_l:
[[ 0  8]
 [ 9 99]]
Youku_00607_l:
[[ 0  9]
 [10 28]
 [29 48]
 [49 99]]
Youku_00608_l:
[[ 1 33]
 [34 95]
 [96 99]]
Youku_00609_l:
[[ 0 99]]
Youku_00610_l:
[[ 0 19]
 [20 99]]
Youku_00611_l:
[[ 0 34]
 [35 99]]
Youku_00612_l:
[[ 0 12]
 [13 56]
 [57 98]
 [99 99]]
Youku_00613_l:
[[ 0 99]]
Youku_00614_l:
[[ 0 42]
 [43 99]]
Youku_00615_l:
[[ 0 14]
 [15 99]]
Youku_00616_l:
[[ 0  9]
 [10 38]
 [39 89]
 [90 99]]
Youku_00617_l:
[[ 0 99]]
Youku_00618_l:
[[ 0 76]
 [77 99]]
Youku_00619_l:
[[ 0 99]]
Youku_00620_l:
[[ 0 22]
 [23 47]
 [48 99]]
Youku_00621_l:
[[ 0 81]
 [82 99]]
Youku_00622_l:
[[ 0 99]]
Youku_00623_l:
[[ 0 99]]
Youku_00624_l:
[[ 0 17]
 [18 96]
 [97 99]]
Youku_00625_l:
[[ 0 99]]
Youku_00626_l:
[[ 0 51]
 [52 99]]
Youku_00627_l:
[[ 0 67]
 [68 99]]
Youku_00628_l:
[[ 0 56]
 [57 99]]
Youku_00629_l:
[[ 0 45]
 [46 99]]
Youku_00630_l:
[[ 0  7]
 [ 8 99]]
Youku_00631_l:
[[ 0 99]]
Youku_00632_l:
[[ 0 43]
 [44 99]]
Youku_00633_l:
[[ 0 99]]
Youku_00634_l:
[[ 0 59]
 [60 99]]
Youku_00635_l:
[[ 0 63]
 [64 99]]
Youku_00636_l:
[[ 0 83]
 [84 99]]
Youku_00637_l:
[[ 0 43]
 [44 88]
 [89 99]]
Youku_00638_l:
[[ 0 99]]
Youku_00639_l:
[[ 0 63]
 [64 99]]
Youku_00640_l:
[[ 0 80]
 [81 99]]
Youku_00641_l:
[[ 0 24]
 [25 71]
 [72 99]]
Youku_00642_l:
[[ 0 99]]
Youku_00643_l:
[[ 0 51]
 [52 99]]
Youku_00644_l:
[[ 0  6]
 [ 7 99]]
Youku_00645_l:
[[ 0 99]]
Youku_00646_l:
[[ 0  7]
 [ 8 23]
 [24 41]
 [42 61]
 [62 97]
 [98 99]]
Youku_00647_l:
[[ 0 44]
 [45 68]
 [69 99]]
Youku_00648_l:
[[ 0 22]
 [23 99]]
Youku_00649_l:
[[ 0 33]
 [34 99]]
Youku_00650_l:
[[ 0 50]
 [51 99]]
Youku_00651_l:
[[ 0 16]
 [17 99]]
Youku_00652_l:
[[ 0 99]]
Youku_00653_l:
[[ 0 44]
 [45 99]]
Youku_00654_l:
[[ 0 99]]
Youku_00655_l:
[[ 0 55]
 [56 67]
 [68 99]]
Youku_00656_l:
[[ 0 99]]
Youku_00657_l:
[[ 0 24]
 [25 83]
 [84 99]]
Youku_00658_l:
[[ 1 28]
 [29 70]
 [71 99]]
Youku_00659_l:
[[ 0 29]
 [30 99]]
Youku_00660_l:
[[ 0 61]
 [62 99]]
Youku_00661_l:
[[ 0 31]
 [32 93]
 [94 99]]
Youku_00662_l:
[[ 0 68]
 [69 99]]
Youku_00663_l:
[[ 0 74]
 [75 99]]
Youku_00664_l:
[[ 0 53]
 [54 99]]
Youku_00665_l:
[[ 0 43]
 [44 86]
 [88 99]]
Youku_00666_l:
[[ 0  6]
 [ 7 99]]
Youku_00667_l:
[[ 0 53]
 [54 99]]
Youku_00668_l:
[[ 0 99]]
Youku_00669_l:
[[ 1 39]
 [40 84]
 [85 99]]
Youku_00670_l:
[[ 2 16]
 [17 99]]
Youku_00671_l:
[[ 0 76]
 [77 99]]
Youku_00672_l:
[[ 0 99]]
Youku_00673_l:
[[ 0 75]
 [76 99]]
Youku_00674_l:
[[ 0 60]
 [61 99]]
Youku_00675_l:
[[ 0  1]
 [ 2 99]]
Youku_00676_l:
[[ 0 53]
 [54 99]]
Youku_00677_l:
[[ 0 19]
 [20 99]]
Youku_00678_l:
[[ 0 60]
 [61 99]]
Youku_00679_l:
[[ 0 99]]
Youku_00680_l:
[[ 0 25]
 [26 99]]
Youku_00681_l:
[[ 0 99]]
Youku_00682_l:
[[ 0 99]]
Youku_00683_l:
[[ 0 99]]
Youku_00684_l:
[[ 0 25]
 [26 99]]
Youku_00685_l:
[[ 0 99]]
Youku_00686_l:
[[ 0 11]
 [12 59]
 [60 99]]
Youku_00687_l:
[[ 0 94]
 [95 99]]
Youku_00688_l:
[[ 0 49]
 [50 92]
 [93 99]]
Youku_00689_l:
[[ 0 37]
 [38 99]]
Youku_00690_l:
[[ 0 75]
 [76 99]]
Youku_00691_l:
[[ 0 99]]
Youku_00692_l:
[[ 0 99]]
Youku_00693_l:
[[ 0 28]
 [29 70]
 [71 99]]
Youku_00694_l:
[[ 0 16]
 [17 46]
 [47 76]
 [77 99]]
Youku_00695_l:
[[ 0 20]
 [21 99]]
Youku_00696_l:
[[ 0  1]
 [ 2 15]
 [16 44]
 [45 81]
 [82 99]]
Youku_00697_l:
[[ 0 99]]
Youku_00698_l:
[[ 0 39]
 [40 68]
 [69 99]]
Youku_00699_l:
[[ 0 99]]
Youku_00700_l:
[[ 0 36]
 [37 99]]
Youku_00701_l:
[[ 0 99]]
Youku_00702_l:
[[ 0 73]
 [74 99]]
Youku_00703_l:
[[ 0 17]
 [18 67]
 [68 99]]
Youku_00704_l:
[[ 0 45]
 [46 99]]
Youku_00705_l:
[[ 0 88]
 [89 99]]
Youku_00706_l:
[[ 0 55]
 [56 99]]
Youku_00707_l:
[[ 0 70]
 [71 99]]
Youku_00708_l:
[[ 0 23]
 [24 55]
 [56 99]]
Youku_00709_l:
[[ 0 53]
 [54 99]]
Youku_00710_l:
[[ 0 78]
 [79 99]]
Youku_00711_l:
[[ 0 99]]
Youku_00712_l:
[[ 0 99]]
Youku_00713_l:
[[ 0 26]
 [27 99]]
Youku_00714_l:
[[ 0 89]
 [90 99]]
Youku_00715_l:
[[ 0 99]]
Youku_00716_l:
[[ 0 73]
 [74 99]]
Youku_00717_l:
[[ 0 97]
 [98 99]]
Youku_00718_l:
[[ 0 30]
 [31 63]
 [64 91]
 [92 99]]
Youku_00719_l:
[[ 0 19]
 [20 37]
 [38 49]
 [50 61]
 [62 82]
 [84 91]
 [93 99]]
Youku_00720_l:
[[ 0 57]
 [58 96]
 [97 99]]
Youku_00721_l:
[[ 0 85]
 [86 99]]
Youku_00722_l:
[[ 0 99]]
Youku_00723_l:
[[ 0 99]]
Youku_00724_l:
[[ 0  1]
 [ 2 71]
 [72 99]]
Youku_00725_l:
[[ 0 35]
 [36 99]]
Youku_00726_l:
[[ 0 57]
 [58 99]]
Youku_00727_l:
[[ 0 41]
 [42 92]
 [93 99]]
Youku_00728_l:
[[ 0 42]
 [43 82]
 [83 99]]
Youku_00729_l:
[[ 0 37]
 [38 99]]
Youku_00730_l:
[[ 0  2]
 [ 3 76]
 [77 99]]
Youku_00731_l:
[[ 0 69]
 [70 99]]
Youku_00732_l:
[[ 0 62]
 [63 99]]
Youku_00733_l:
[[ 0 55]
 [56 94]
 [95 99]]
Youku_00734_l:
[[ 0  7]
 [ 8 99]]
Youku_00735_l:
[[ 0 29]
 [30 48]
 [49 99]]
Youku_00736_l:
[[ 0 56]
 [57 99]]
Youku_00737_l:
[[ 0 99]]
Youku_00738_l:
[[ 0 25]
 [26 84]
 [85 99]]
Youku_00739_l:
[[ 0 75]
 [76 99]]
Youku_00740_l:
[[ 0 30]
 [31 99]]
Youku_00741_l:
[[ 0 22]
 [23 53]
 [54 99]]
Youku_00742_l:
[[ 0  1]
 [ 2 24]
 [25 73]
 [74 89]
 [90 99]]
Youku_00743_l:
[[ 0 60]
 [61 99]]
Youku_00744_l:
[[ 0 22]
 [23 99]]
Youku_00745_l:
[[ 0  6]
 [ 7 99]]
Youku_00746_l:
[[ 0 53]
 [54 99]]
Youku_00747_l:
[[ 0 55]
 [56 99]]
Youku_00748_l:
[[ 0 37]
 [38 67]
 [68 92]
 [93 99]]
Youku_00749_l:
[[ 0 71]
 [72 99]]
Youku_00750_l:
[[ 0 18]
 [19 60]
 [61 99]]
Youku_00751_l:
[[ 0  3]
 [ 4 99]]
Youku_00752_l:
[[ 0 99]]
Youku_00753_l:
[[ 0 99]]
Youku_00754_l:
[[ 0 42]
 [43 97]
 [98 99]]
Youku_00755_l:
[[ 0  7]
 [ 9 47]
 [50 73]
 [76 99]]
Youku_00756_l:
[[ 0  4]
 [ 5 99]]
Youku_00757_l:
[[ 0 60]
 [61 93]
 [94 99]]
Youku_00758_l:
[[ 0 99]]
Youku_00759_l:
[[ 0 99]]
Youku_00760_l:
[[ 0 19]
 [20 99]]
Youku_00761_l:
[[ 0  2]
 [ 3 99]]
Youku_00762_l:
[[ 0 99]]
Youku_00763_l:
[[ 0  5]
 [ 6 77]
 [78 99]]
Youku_00764_l:
[[ 0 14]
 [15 99]]
Youku_00765_l:
[[ 0 99]]
Youku_00766_l:
[[ 0 41]
 [42 99]]
Youku_00767_l:
[[ 0 20]
 [21 89]
 [90 99]]
Youku_00768_l:
[[ 0 99]]
Youku_00769_l:
[[ 0 13]
 [14 66]
 [67 99]]
Youku_00770_l:
[[ 0 59]
 [60 99]]
Youku_00771_l:
[[ 0 65]
 [66 99]]
Youku_00772_l:
[[ 0 99]]
Youku_00773_l:
[[ 0 48]
 [49 99]]
Youku_00774_l:
[[ 0 99]]
Youku_00775_l:
[[ 0 19]
 [20 91]
 [92 99]]
Youku_00776_l:
[[ 1 51]
 [52 99]]
Youku_00777_l:
[[ 0 51]
 [52 99]]
Youku_00778_l:
[[ 0  2]
 [ 3 51]
 [52 99]]
Youku_00779_l:
[[ 0 63]
 [64 99]]
Youku_00780_l:
[[ 0 81]
 [82 99]]
Youku_00781_l:
[[ 0 99]]
Youku_00782_l:
[[ 0 22]
 [23 99]]
Youku_00783_l:
[[ 0 73]
 [74 99]]
Youku_00784_l:
[[ 0 99]]
Youku_00785_l:
[[ 0 24]
 [25 99]]
Youku_00786_l:
[[ 0 51]
 [52 99]]
Youku_00787_l:
[[ 0 35]
 [36 99]]
Youku_00788_l:
[[ 0  8]
 [ 9 96]
 [97 99]]
Youku_00789_l:
[[ 0 99]]
Youku_00790_l:
[[ 0 25]
 [26 58]
 [59 99]]
Youku_00791_l:
[[ 0  8]
 [ 9 99]]
Youku_00792_l:
[[ 0 99]]
Youku_00793_l:
[[ 0 44]
 [45 81]
 [82 99]]
Youku_00794_l:
[[ 0 98]
 [99 99]]
Youku_00795_l:
[[ 0  4]
 [ 5 41]
 [42 65]
 [66 99]]
Youku_00796_l:
[[ 0 52]
 [53 99]]
Youku_00797_l:
[[ 0 57]
 [58 99]]
Youku_00798_l:
[[ 0 99]]
Youku_00799_l:
[[ 0 24]
 [25 99]]
Youku_00800_l:
[[ 0 99]]
Youku_00801_l:
[[ 0 88]
 [89 99]]
Youku_00802_l:
[[ 0 83]
 [84 99]]
Youku_00803_l:
[[ 0 91]
 [92 99]]
Youku_00804_l:
[[ 0 27]
 [28 81]
 [82 99]]
Youku_00805_l:
[[ 0 66]
 [67 99]]
Youku_00806_l:
[[ 0 99]]
Youku_00807_l:
[[ 0 99]]
Youku_00808_l:
[[ 0 95]
 [96 99]]
Youku_00809_l:
[[ 0  9]
 [10 71]
 [72 99]]
Youku_00810_l:
[[ 0 99]]
Youku_00811_l:
[[ 0 77]
 [78 99]]
Youku_00812_l:
[[ 0 74]
 [75 99]]
Youku_00813_l:
[[ 0 12]
 [13 68]
 [69 94]
 [95 99]]
Youku_00814_l:
[[ 0 99]]
Youku_00815_l:
[[ 0 74]
 [75 99]]
Youku_00816_l:
[[ 0 11]
 [12 70]
 [71 99]]
Youku_00817_l:
[[ 0  9]
 [10 94]
 [95 99]]
Youku_00818_l:
[[ 0 99]]
Youku_00819_l:
[[ 1 99]]
Youku_00820_l:
[[ 0 99]]
Youku_00821_l:
[[ 0 43]
 [44 99]]
Youku_00822_l:
[[ 0 15]
 [16 93]
 [94 99]]
Youku_00823_l:
[[ 0 99]]
Youku_00824_l:
[[ 0 99]]
Youku_00825_l:
[[ 0 13]
 [14 94]
 [95 99]]
Youku_00826_l:
[[ 0 99]]
Youku_00827_l:
[[ 0 17]
 [18 87]
 [88 99]]
Youku_00828_l:
[[ 0 25]
 [26 55]
 [56 79]
 [80 99]]
Youku_00829_l:
[[ 0 21]
 [22 59]
 [60 98]
 [99 99]]
Youku_00830_l:
[[ 0 99]]
Youku_00831_l:
[[ 0 99]]
Youku_00832_l:
[[ 0 33]
 [34 72]
 [73 99]]
Youku_00833_l:
[[ 0 44]
 [45 68]
 [69 99]]
Youku_00834_l:
[[ 0 99]]
Youku_00835_l:
[[ 1 99]]
Youku_00836_l:
[[ 0 27]
 [28 50]
 [51 92]
 [93 99]]
Youku_00837_l:
[[ 0 18]
 [19 99]]
Youku_00838_l:
[[ 0 16]
 [17 52]
 [53 85]
 [86 99]]
Youku_00839_l:
[[ 0 98]
 [99 99]]
Youku_00840_l:
[[ 0 99]]
Youku_00841_l:
[[ 0 99]]
Youku_00842_l:
[[ 0 70]
 [71 99]]
Youku_00843_l:
[[ 0 99]]
Youku_00844_l:
[[ 0 99]]
Youku_00845_l:
[[ 0 44]
 [45 99]]
Youku_00846_l:
[[ 0  2]
 [ 3 72]
 [73 99]]
Youku_00847_l:
[[ 0 99]]
Youku_00848_l:
[[ 0 99]]
Youku_00849_l:
[[ 0 30]
 [31 99]]
Youku_00850_l:
[[ 0 32]
 [33 99]]
Youku_00851_l:
[[ 0 24]
 [25 89]
 [90 99]]
Youku_00852_l:
[[ 0  4]
 [ 5 55]
 [56 90]
 [91 99]]
Youku_00853_l:
[[ 0 62]
 [63 99]]
Youku_00854_l:
[[ 0  5]
 [ 6 70]
 [71 99]]
Youku_00855_l:
[[ 0 65]
 [66 99]]
Youku_00856_l:
[[ 0 99]]
Youku_00857_l:
[[ 0 99]]
Youku_00858_l:
[[ 0 99]]
Youku_00859_l:
[[ 0 91]
 [92 99]]
Youku_00860_l:
[[ 0 24]
 [25 44]
 [45 65]
 [66 99]]
Youku_00861_l:
[[ 0 59]
 [60 83]
 [84 99]]
Youku_00862_l:
[[ 0 99]]
Youku_00863_l:
[[ 0 89]
 [90 99]]
Youku_00864_l:
[[ 0  4]
 [ 5 99]]
Youku_00865_l:
[[ 0 99]]
Youku_00866_l:
[[ 0 18]
 [19 99]]
Youku_00867_l:
[[ 0 16]
 [17 65]
 [66 99]]
Youku_00868_l:
[[ 0 44]
 [45 99]]
Youku_00869_l:
[[ 0 56]
 [58 69]
 [71 99]]
Youku_00870_l:
[[ 0 57]
 [58 99]]
Youku_00871_l:
[[ 0 16]
 [17 38]
 [39 76]
 [77 99]]
Youku_00872_l:
[[ 0 91]
 [93 98]
 [99 99]]
Youku_00873_l:
[[ 0 52]
 [53 99]]
Youku_00874_l:
[[ 0 99]]
Youku_00875_l:
[[ 0 53]
 [54 99]]
Youku_00876_l:
[[ 0 28]
 [29 91]
 [92 99]]
Youku_00877_l:
[[ 0 45]
 [46 99]]
Youku_00878_l:
[[ 0 25]
 [26 93]
 [94 99]]
Youku_00879_l:
[[ 0 42]
 [43 85]
 [86 99]]
Youku_00880_l:
[[ 0 79]
 [80 99]]
Youku_00881_l:
[[ 0 38]
 [39 99]]
Youku_00882_l:
[[ 0 48]
 [49 99]]
Youku_00883_l:
[[ 0  1]
 [ 2 43]
 [44 86]
 [87 99]]
Youku_00884_l:
[[ 0 50]
 [51 99]]
Youku_00885_l:
[[ 0 43]
 [44 99]]
Youku_00886_l:
[[ 1 12]
 [13 64]
 [65 99]]
Youku_00887_l:
[[ 0 61]
 [63 99]]
Youku_00888_l:
[[ 0  4]
 [ 5 45]
 [46 92]
 [93 99]]
Youku_00889_l:
[[ 0 27]
 [28 99]]
Youku_00890_l:
[[ 0 99]]
Youku_00891_l:
[[ 0 99]]
Youku_00892_l:
[[ 0 63]
 [64 96]
 [97 99]]
Youku_00893_l:
[[ 0 40]
 [41 99]]
Youku_00894_l:
[[ 0 47]
 [48 99]]
Youku_00895_l:
[[ 0 74]
 [75 99]]
Youku_00896_l:
[[ 0 40]
 [41 99]]
Youku_00897_l:
[[ 0 99]]
Youku_00898_l:
[[ 0 11]
 [12 80]
 [81 99]]
Youku_00899_l:
[[ 0 59]
 [60 99]]
Youku_00910_l:
[[ 0 14]
 [15 63]
 [64 99]]
Youku_00911_l:
[[ 0 99]]
Youku_00912_l:
[[ 0 23]
 [24 99]]
Youku_00913_l:
[[ 0 56]
 [57 99]]
Youku_00914_l:
[[ 0 99]]
Youku_00915_l:
[[ 0 99]]
Youku_00916_l:
[[ 0  6]
 [ 7 43]
 [44 97]
 [98 99]]
Youku_00917_l:
[[ 0 54]
 [55 99]]
Youku_00918_l:
[[ 0 25]
 [26 44]
 [45 61]
 [62 99]]
Youku_00919_l:
[[ 0 99]]
Youku_00920_l:
[[ 0 86]
 [87 99]]
Youku_00921_l:
[[ 0 27]
 [28 59]
 [60 99]]
Youku_00922_l:
[[ 0 46]
 [47 99]]
Youku_00923_l:
[[ 0 37]
 [38 99]]
Youku_00924_l:
[[ 0 99]]
Youku_00925_l:
[[ 0 72]
 [73 99]]
Youku_00926_l:
[[ 0 20]
 [21 60]
 [61 99]]
Youku_00927_l:
[[ 0 19]
 [20 56]
 [57 71]
 [72 89]
 [90 99]]
Youku_00928_l:
[[ 0  1]
 [ 2 68]
 [69 99]]
Youku_00929_l:
[[ 0 99]]
Youku_00930_l:
[[ 0 65]
 [66 99]]
Youku_00931_l:
[[ 0 80]
 [81 99]]
Youku_00932_l:
[[ 0 99]]
Youku_00933_l:
[[ 0 38]
 [39 78]
 [79 99]]
Youku_00934_l:
[[ 0 31]
 [32 72]
 [73 99]]
Youku_00935_l:
[[ 0 17]
 [18 41]
 [42 85]
 [86 99]]
Youku_00936_l:
[[ 0 11]
 [13 21]
 [23 55]
 [56 99]]
Youku_00937_l:
[[ 0 99]]
Youku_00938_l:
[[ 0 14]
 [15 60]
 [61 99]]
Youku_00939_l:
[[ 0 99]]
Youku_00940_l:
[[ 0 25]
 [26 99]]
Youku_00941_l:
[[ 0 53]
 [54 80]
 [81 99]]
Youku_00942_l:
[[ 0 87]
 [88 99]]
Youku_00943_l:
[[ 0  1]
 [ 2 44]
 [45 91]
 [93 99]]
Youku_00944_l:
[[ 0 79]
 [80 99]]
Youku_00945_l:
[[ 0 99]]
Youku_00946_l:
[[ 0 24]
 [25 99]]
Youku_00947_l:
[[ 0 99]]
Youku_00948_l:
[[ 0 52]
 [53 99]]
Youku_00949_l:
[[ 0 99]]
Youku_00900_l:
[[ 0 18]
 [19 51]
 [52 88]
 [89 99]]
Youku_00901_l:
[[ 0 16]
 [17 81]
 [82 99]]
Youku_00902_l:
[[ 0 41]
 [42 99]]
Youku_00903_l:
[[ 0 95]
 [96 99]]
Youku_00904_l:
[[ 0 34]
 [35 99]]
Youku_00905_l:
[[ 0 99]]
Youku_00906_l:
[[ 0 25]
 [26 99]]
Youku_00907_l:
[[ 0 16]
 [17 61]
 [62 92]
 [93 99]]
Youku_00908_l:
[[ 0 48]
 [49 99]]
Youku_00909_l:
[[ 0 35]
 [36 99]]
Youku_00960_l:
[[ 0  4]
 [ 5 64]
 [65 99]]
Youku_00961_l:
[[ 0 99]]
Youku_00962_l:
[[ 0 36]
 [37 84]
 [85 99]]
Youku_00963_l:
[[ 0 56]
 [57 99]]
Youku_00964_l:
[[ 0 49]
 [50 99]]
Youku_00965_l:
[[ 0 59]
 [60 76]
 [77 96]
 [97 99]]
Youku_00966_l:
[[ 0 24]
 [25 75]
 [76 99]]
Youku_00967_l:
[[ 0 99]]
Youku_00968_l:
[[ 0  7]
 [ 8 63]
 [64 99]]
Youku_00969_l:
[[ 0 99]]
Youku_00970_l:
[[ 0  1]
 [ 2 14]
 [15 54]
 [55 99]]
Youku_00971_l:
[[ 0  8]
 [ 9 92]
 [93 99]]
Youku_00972_l:
[[ 0 42]
 [43 99]]
Youku_00973_l:
[[ 0 99]]
Youku_00974_l:
[[ 0 99]]
Youku_00975_l:
[[ 0 73]
 [74 92]
 [93 99]]
Youku_00976_l:
[[ 0 48]
 [49 99]]
Youku_00977_l:
[[ 0 99]]
Youku_00978_l:
[[ 0 99]]
Youku_00979_l:
[[ 0 22]
 [23 99]]
Youku_00980_l:
[[ 0 99]]
Youku_00981_l:
[[ 0 99]]
Youku_00982_l:
[[ 0 38]
 [39 67]
 [68 99]]
Youku_00983_l:
[[ 0  4]
 [ 5 58]
 [59 99]]
Youku_00984_l:
[[ 0 39]
 [40 99]]
Youku_00985_l:
[[ 0 99]]
Youku_00986_l:
[[ 0 99]]
Youku_00987_l:
[[ 0 11]
 [12 53]
 [54 98]
 [99 99]]
Youku_00988_l:
[[ 0 79]
 [80 99]]
Youku_00989_l:
[[ 0 26]
 [27 79]
 [80 99]]
Youku_00990_l:
[[ 0 42]
 [43 82]
 [83 99]]
Youku_00991_l:
[[ 0 99]]
Youku_00992_l:
[[ 0 49]
 [50 99]]
Youku_00993_l:
[[ 0 45]
 [46 99]]
Youku_00994_l:
[[ 0 22]
 [23 58]
 [59 99]]
Youku_00995_l:
[[ 0 99]]
Youku_00996_l:
[[ 0 47]
 [48 99]]
Youku_00997_l:
[[ 0 99]]
Youku_00998_l:
[[ 0 69]
 [70 99]]
Youku_00999_l:
[[ 0  1]
 [ 2 99]]
Youku_00950_l:
[[ 1 43]
 [44 99]]
Youku_00951_l:
[[ 0 66]
 [67 99]]
Youku_00952_l:
[[ 0 14]
 [15 99]]
Youku_00953_l:
[[ 0 99]]
Youku_00954_l:
[[ 0 27]
 [28 99]]
Youku_00955_l:
[[ 0 99]]
Youku_00956_l:
[[ 0 74]
 [75 99]]
Youku_00957_l:
[[ 0 35]
 [36 99]]
Youku_00958_l:
[[ 0 95]
 [96 99]]
Youku_00959_l:
[[ 0 41]
 [42 99]]
